190 242
175 285
190 242
173 290
175 285
190 242
168 288
173 290
175 285
190 242
164 286
168 288
173 290
175 285
190 242
163 288
164 286
168 288
173 290
175 285
190 242
162 291
163 288
164 286
168 288
173 290
175 285
190 242
161 296
162 291
163 288
164 286
168 288
173 290
175 285
190 242
161 299
161 296
162 291
163 288
164 286
168 288
173 290
175 285
190 242
164 298
161 299
161 296
162 291
163 288
164 286
168 288
173 290
175 285
190 242
178 289
164 298
161 299
161 296
162 291
163 288
164 286
168 288
173 290
175 285
190 242
204 271
178 289
164 298
161 299
161 296
162 291
163 288
164 286
168 288
173 290
175 285
190 242
219 262
204 271
178 289
164 298
161 299
161 296
162 291
163 288
164 286
168 288
173 290
175 285
190 242
251 254
219 262
204 271
178 289
164 298
161 299
161 296
162 291
163 288
164 286
168 288
173 290
175 285
190 242
257 256
251 254
219 262
204 271
178 289
164 298
161 299
161 296
162 291
163 288
164 286
168 288
173 290
175 285
190 242
253 264
257 256
251 254
219 262
204 271
178 289
164 298
161 299
161 296
162 291
163 288
164 286
168 288
173 290
175 285
190 242
243 278
253 264
257 256
251 254
219 262
204 271
178 289
164 298
161 299
161 296
162 291
163 288
164 286
168 288
173 290
175 285
190 242
238 288
243 278
253 264
257 256
251 254
219 262
204 271
178 289
164 298
161 299
161 296
162 291
163 288
164 286
168 288
173 290
175 285
190 242
242 292
238 288
243 278
253 264
257 256
251 254
219 262
204 271
178 289
164 298
161 299
161 296
162 291
163 288
164 286
168 288
173 290
175 285
190 242
245 293
242 292
238 288
243 278
253 264
257 256
251 254
219 262
204 271
178 289
164 298
161 299
161 296
162 291
163 288
164 286
168 288
173 290
175 285
190 242
245 294
245 293
242 292
238 288
243 278
253 264
257 256
251 254
219 262
204 271
178 289
164 298
161 299
161 296
162 291
163 288
164 286
168 288
173 290
175 285
190 242
237 295
245 294
245 293
242 292
238 288
243 278
253 264
257 256
251 254
219 262
204 271
178 289
164 298
161 299
161 296
162 291
163 288
164 286
168 288
173 290
175 285
190 242
229 298
237 295
245 294
245 293
242 292
238 288
243 278
253 264
257 256
251 254
219 262
204 271
178 289
164 298
161 299
161 296
162 291
163 288
164 286
168 288
173 290
175 285
190 242
225 302
229 298
237 295
245 294
245 293
242 292
238 288
243 278
253 264
257 256
251 254
219 262
204 271
178 289
164 298
161 299
161 296
162 291
163 288
164 286
168 288
173 290
175 285
190 242
224 308
225 302
229 298
237 295
245 294
245 293
242 292
238 288
243 278
253 264
257 256
251 254
219 262
204 271
178 289
164 298
161 299
161 296
162 291
163 288
164 286
168 288
173 290
175 285
190 242
226 312
224 308
225 302
229 298
237 295
245 294
245 293
242 292
238 288
243 278
253 264
257 256
251 254
219 262
204 271
178 289
164 298
161 299
161 296
162 291
163 288
164 286
168 288
173 290
175 285
190 242
229 318
226 312
224 308
225 302
229 298
237 295
245 294
245 293
242 292
238 288
243 278
253 264
257 256
251 254
219 262
204 271
178 289
164 298
161 299
161 296
162 291
163 288
164 286
168 288
173 290
175 285
190 242
243 315
229 318
226 312
224 308
225 302
229 298
237 295
245 294
245 293
242 292
238 288
243 278
253 264
257 256
251 254
219 262
204 271
178 289
164 298
161 299
161 296
162 291
163 288
164 286
168 288
173 290
175 285
190 242
262 324
243 315
229 318
226 312
224 308
225 302
229 298
237 295
245 294
245 293
242 292
238 288
243 278
253 264
257 256
251 254
219 262
204 271
178 289
164 298
161 299
161 296
162 291
163 288
164 286
168 288
173 290
175 285
190 242
282 331
262 324
243 315
229 318
226 312
224 308
225 302
229 298
237 295
245 294
245 293
242 292
238 288
243 278
253 264
257 256
251 254
219 262
204 271
178 289
164 298
161 299
161 296
162 291
163 288
164 286
168 288
173 290
175 285
190 242
282 331
262 324
243 315
229 318
226 312
224 308
225 302
229 298
237 295
245 294
245 293
242 292
238 288
243 278
253 264
257 256
251 254
219 262
204 271
178 289
164 298
161 299
161 296
162 291
163 288
164 286
168 288
173 290
175 285
190 242
282 331
262 324
243 315
229 318
226 312
224 308
225 302
229 298
237 295
245 294
245 293
242 292
238 288
243 278
253 264
257 256
251 254
219 262
204 271
178 289
164 298
161 299
161 296
162 291
163 288
164 286
168 288
173 290
175 285
190 242
282 331
262 324
243 315
229 318
226 312
224 308
225 302
229 298
237 295
245 294
245 293
242 292
238 288
243 278
253 264
257 256
251 254
219 262
204 271
178 289
164 298
161 299
161 296
162 291
163 288
164 286
168 288
173 290
175 285
190 242
282 331
262 324
243 315
229 318
226 312
224 308
225 302
229 298
237 295
245 294
245 293
242 292
238 288
243 278
253 264
257 256
251 254
219 262
204 271
178 289
164 298
161 299
161 296
162 291
163 288
164 286
168 288
173 290
175 285
190 242
282 331
262 324
243 315
229 318
226 312
224 308
225 302
229 298
237 295
245 294
245 293
242 292
238 288
243 278
253 264
257 256
251 254
219 262
204 271
178 289
164 298
161 299
161 296
162 291
163 288
164 286
168 288
173 290
175 285
190 242
282 331
262 324
243 315
229 318
226 312
224 308
225 302
229 298
237 295
245 294
245 293
242 292
238 288
243 278
253 264
257 256
251 254
219 262
204 271
178 289
164 298
161 299
161 296
162 291
163 288
164 286
168 288
173 290
175 285
190 242
301 333
282 331
262 324
243 315
229 318
226 312
224 308
225 302
229 298
237 295
245 294
245 293
242 292
238 288
243 278
253 264
257 256
251 254
219 262
204 271
178 289
164 298
161 299
161 296
162 291
163 288
164 286
168 288
173 290
175 285
190 242
282 313
301 333
282 331
262 324
243 315
229 318
226 312
224 308
225 302
229 298
237 295
245 294
245 293
242 292
238 288
243 278
253 264
257 256
251 254
219 262
204 271
178 289
164 298
161 299
161 296
162 291
163 288
164 286
168 288
173 290
175 285
288 308
282 313
301 333
282 331
262 324
243 315
229 318
226 312
224 308
225 302
229 298
237 295
245 294
245 293
242 292
238 288
243 278
253 264
257 256
251 254
219 262
204 271
178 289
164 298
161 299
161 296
162 291
163 288
164 286
168 288
173 290
289 308
288 308
282 313
301 333
282 331
262 324
243 315
229 318
226 312
224 308
225 302
229 298
237 295
245 294
245 293
242 292
238 288
243 278
253 264
257 256
251 254
219 262
204 271
178 289
164 298
161 299
161 296
162 291
163 288
164 286
168 288
288 309
289 308
288 308
282 313
301 333
282 331
262 324
243 315
229 318
226 312
224 308
225 302
229 298
237 295
245 294
245 293
242 292
238 288
243 278
253 264
257 256
251 254
219 262
204 271
178 289
164 298
161 299
161 296
162 291
163 288
164 286
289 311
288 309
289 308
288 308
282 313
301 333
282 331
262 324
243 315
229 318
226 312
224 308
225 302
229 298
237 295
245 294
245 293
242 292
238 288
243 278
253 264
257 256
251 254
219 262
204 271
178 289
164 298
161 299
161 296
162 291
163 288
290 314
289 311
288 309
289 308
288 308
282 313
301 333
282 331
262 324
243 315
229 318
226 312
224 308
225 302
229 298
237 295
245 294
245 293
242 292
238 288
243 278
253 264
257 256
251 254
219 262
204 271
178 289
164 298
161 299
161 296
162 291
294 314
290 314
289 311
288 309
289 308
288 308
282 313
301 333
282 331
262 324
243 315
229 318
226 312
224 308
225 302
229 298
237 295
245 294
245 293
242 292
238 288
243 278
253 264
257 256
251 254
219 262
204 271
178 289
164 298
161 299
161 296
295 315
294 314
290 314
289 311
288 309
289 308
288 308
282 313
301 333
282 331
262 324
243 315
229 318
226 312
224 308
225 302
229 298
237 295
245 294
245 293
242 292
238 288
243 278
253 264
257 256
251 254
219 262
204 271
178 289
164 298
161 299
294 316
295 315
294 314
290 314
289 311
288 309
289 308
288 308
282 313
301 333
282 331
262 324
243 315
229 318
226 312
224 308
225 302
229 298
237 295
245 294
245 293
242 292
238 288
243 278
253 264
257 256
251 254
219 262
204 271
178 289
164 298
292 317
294 316
295 315
294 314
290 314
289 311
288 309
289 308
288 308
282 313
301 333
282 331
262 324
243 315
229 318
226 312
224 308
225 302
229 298
237 295
245 294
245 293
242 292
238 288
243 278
253 264
257 256
251 254
219 262
204 271
178 289
291 317
292 317
294 316
295 315
294 314
290 314
289 311
288 309
289 308
288 308
282 313
301 333
282 331
262 324
243 315
229 318
226 312
224 308
225 302
229 298
237 295
245 294
245 293
242 292
238 288
243 278
253 264
257 256
251 254
219 262
204 271
290 318
291 317
292 317
294 316
295 315
294 314
290 314
289 311
288 309
289 308
288 308
282 313
301 333
282 331
262 324
243 315
229 318
226 312
224 308
225 302
229 298
237 295
245 294
245 293
242 292
238 288
243 278
253 264
257 256
251 254
219 262
291 320
290 318
291 317
292 317
294 316
295 315
294 314
290 314
289 311
288 309
289 308
288 308
282 313
301 333
282 331
262 324
243 315
229 318
226 312
224 308
225 302
229 298
237 295
245 294
245 293
242 292
238 288
243 278
253 264
257 256
251 254
291 320
291 320
290 318
291 317
292 317
294 316
295 315
294 314
290 314
289 311
288 309
289 308
288 308
282 313
301 333
282 331
262 324
243 315
229 318
226 312
224 308
225 302
229 298
237 295
245 294
245 293
242 292
238 288
243 278
253 264
257 256
291 320
291 320
291 320
290 318
291 317
292 317
294 316
295 315
294 314
290 314
289 311
288 309
289 308
288 308
282 313
301 333
282 331
262 324
243 315
229 318
226 312
224 308
225 302
229 298
237 295
245 294
245 293
242 292
238 288
243 278
253 264
291 318
291 320
291 320
291 320
290 318
291 317
292 317
294 316
295 315
294 314
290 314
289 311
288 309
289 308
288 308
282 313
301 333
282 331
262 324
243 315
229 318
226 312
224 308
225 302
229 298
237 295
245 294
245 293
242 292
238 288
243 278
291 317
291 318
291 320
291 320
291 320
290 318
291 317
292 317
294 316
295 315
294 314
290 314
289 311
288 309
289 308
288 308
282 313
301 333
282 331
262 324
243 315
229 318
226 312
224 308
225 302
229 298
237 295
245 294
245 293
242 292
238 288
290 316
291 317
291 318
291 320
291 320
291 320
290 318
291 317
292 317
294 316
295 315
294 314
290 314
289 311
288 309
289 308
288 308
282 313
301 333
282 331
262 324
243 315
229 318
226 312
224 308
225 302
229 298
237 295
245 294
245 293
242 292
287 315
290 316
291 317
291 318
291 320
291 320
291 320
290 318
291 317
292 317
294 316
295 315
294 314
290 314
289 311
288 309
289 308
288 308
282 313
301 333
282 331
262 324
243 315
229 318
226 312
224 308
225 302
229 298
237 295
245 294
245 293
287 315
287 315
290 316
291 317
291 318
291 320
291 320
291 320
290 318
291 317
292 317
294 316
295 315
294 314
290 314
289 311
288 309
289 308
288 308
282 313
301 333
282 331
262 324
243 315
229 318
226 312
224 308
225 302
229 298
237 295
245 294
284 317
287 315
287 315
290 316
291 317
291 318
291 320
291 320
291 320
290 318
291 317
292 317
294 316
295 315
294 314
290 314
289 311
288 309
289 308
288 308
282 313
301 333
282 331
262 324
243 315
229 318
226 312
224 308
225 302
229 298
237 295
282 319
284 317
287 315
287 315
290 316
291 317
291 318
291 320
291 320
291 320
290 318
291 317
292 317
294 316
295 315
294 314
290 314
289 311
288 309
289 308
288 308
282 313
301 333
282 331
262 324
243 315
229 318
226 312
224 308
225 302
229 298
282 319
282 319
284 317
287 315
287 315
290 316
291 317
291 318
291 320
291 320
291 320
290 318
291 317
292 317
294 316
295 315
294 314
290 314
289 311
288 309
289 308
288 308
282 313
301 333
282 331
262 324
243 315
229 318
226 312
224 308
225 302
287 315
282 319
282 319
284 317
287 315
287 315
290 316
291 317
291 318
291 320
291 320
291 320
290 318
291 317
292 317
294 316
295 315
294 314
290 314
289 311
288 309
289 308
288 308
282 313
301 333
282 331
262 324
243 315
229 318
226 312
224 308
280 314
287 315
282 319
282 319
284 317
287 315
287 315
290 316
291 317
291 318
291 320
291 320
291 320
290 318
291 317
292 317
294 316
295 315
294 314
290 314
289 311
288 309
289 308
288 308
282 313
301 333
282 331
262 324
243 315
229 318
226 312
280 314
287 315
282 319
282 319
284 317
287 315
287 315
290 316
291 317
291 318
291 320
291 320
291 320
290 318
291 317
292 317
294 316
295 315
294 314
290 314
289 311
288 309
289 308
288 308
282 313
301 333
282 331
262 324
243 315
229 318
226 312
280 314
287 315
282 319
282 319
284 317
287 315
287 315
290 316
291 317
291 318
291 320
291 320
291 320
290 318
291 317
292 317
294 316
295 315
294 314
290 314
289 311
288 309
289 308
288 308
282 313
301 333
282 331
262 324
243 315
229 318
226 312
280 314
287 315
282 319
282 319
284 317
287 315
287 315
290 316
291 317
291 318
291 320
291 320
291 320
290 318
291 317
292 317
294 316
295 315
294 314
290 314
289 311
288 309
289 308
288 308
282 313
301 333
282 331
262 324
243 315
229 318
226 312
280 314
287 315
282 319
282 319
284 317
287 315
287 315
290 316
291 317
291 318
291 320
291 320
291 320
290 318
291 317
292 317
294 316
295 315
294 314
290 314
289 311
288 309
289 308
288 308
282 313
301 333
282 331
262 324
243 315
229 318
226 312
283 311
280 314
287 315
282 319
282 319
284 317
287 315
287 315
290 316
291 317
291 318
291 320
291 320
291 320
290 318
291 317
292 317
294 316
295 315
294 314
290 314
289 311
288 309
289 308
288 308
282 313
301 333
282 331
262 324
243 315
229 318
383 322
283 311
280 314
287 315
282 319
282 319
284 317
287 315
287 315
290 316
291 317
291 318
291 320
291 320
291 320
290 318
291 317
292 317
294 316
295 315
294 314
290 314
289 311
288 309
289 308
288 308
282 313
301 333
282 331
262 324
243 315
381 287
383 322
283 311
280 314
287 315
282 319
282 319
284 317
287 315
287 315
290 316
291 317
291 318
291 320
291 320
291 320
290 318
291 317
292 317
294 316
295 315
294 314
290 314
289 311
288 309
289 308
288 308
282 313
301 333
282 331
262 324
375 242
381 287
383 322
283 311
280 314
287 315
282 319
282 319
284 317
287 315
287 315
290 316
291 317
291 318
291 320
291 320
291 320
290 318
291 317
292 317
294 316
295 315
294 314
290 314
289 311
288 309
289 308
288 308
282 313
301 333
282 331
368 211
375 242
381 287
383 322
283 311
280 314
287 315
282 319
282 319
284 317
287 315
287 315
290 316
291 317
291 318
291 320
291 320
291 320
290 318
291 317
292 317
294 316
295 315
294 314
290 314
289 311
288 309
289 308
288 308
282 313
301 333
365 192
368 211
375 242
381 287
383 322
283 311
280 314
287 315
282 319
282 319
284 317
287 315
287 315
290 316
291 317
291 318
291 320
291 320
291 320
290 318
291 317
292 317
294 316
295 315
294 314
290 314
289 311
288 309
289 308
288 308
282 313
365 188
365 192
368 211
375 242
381 287
383 322
283 311
280 314
287 315
282 319
282 319
284 317
287 315
287 315
290 316
291 317
291 318
291 320
291 320
291 320
290 318
291 317
292 317
294 316
295 315
294 314
290 314
289 311
288 309
289 308
288 308
372 192
365 188
365 192
368 211
375 242
381 287
383 322
283 311
280 314
287 315
282 319
282 319
284 317
287 315
287 315
290 316
291 317
291 318
291 320
291 320
291 320
290 318
291 317
292 317
294 316
295 315
294 314
290 314
289 311
288 309
289 308
375 196
372 192
365 188
365 192
368 211
375 242
381 287
383 322
283 311
280 314
287 315
282 319
282 319
284 317
287 315
287 315
290 316
291 317
291 318
291 320
291 320
291 320
290 318
291 317
292 317
294 316
295 315
294 314
290 314
289 311
288 309
384 204
375 196
372 192
365 188
365 192
368 211
375 242
381 287
383 322
283 311
280 314
287 315
282 319
282 319
284 317
287 315
287 315
290 316
291 317
291 318
291 320
291 320
291 320
290 318
291 317
292 317
294 316
295 315
294 314
290 314
289 311
389 207
384 204
375 196
372 192
365 188
365 192
368 211
375 242
381 287
383 322
283 311
280 314
287 315
282 319
282 319
284 317
287 315
287 315
290 316
291 317
291 318
291 320
291 320
291 320
290 318
291 317
292 317
294 316
295 315
294 314
290 314
402 208
389 207
384 204
375 196
372 192
365 188
365 192
368 211
375 242
381 287
383 322
283 311
280 314
287 315
282 319
282 319
284 317
287 315
287 315
290 316
291 317
291 318
291 320
291 320
291 320
290 318
291 317
292 317
294 316
295 315
294 314
413 210
402 208
389 207
384 204
375 196
372 192
365 188
365 192
368 211
375 242
381 287
383 322
283 311
280 314
287 315
282 319
282 319
284 317
287 315
287 315
290 316
291 317
291 318
291 320
291 320
291 320
290 318
291 317
292 317
294 316
295 315
423 210
413 210
402 208
389 207
384 204
375 196
372 192
365 188
365 192
368 211
375 242
381 287
383 322
283 311
280 314
287 315
282 319
282 319
284 317
287 315
287 315
290 316
291 317
291 318
291 320
291 320
291 320
290 318
291 317
292 317
294 316
425 203
423 210
413 210
402 208
389 207
384 204
375 196
372 192
365 188
365 192
368 211
375 242
381 287
383 322
283 311
280 314
287 315
282 319
282 319
284 317
287 315
287 315
290 316
291 317
291 318
291 320
291 320
291 320
290 318
291 317
292 317
425 200
425 203
423 210
413 210
402 208
389 207
384 204
375 196
372 192
365 188
365 192
368 211
375 242
381 287
383 322
283 311
280 314
287 315
282 319
282 319
284 317
287 315
287 315
290 316
291 317
291 318
291 320
291 320
291 320
290 318
291 317
421 192
425 200
425 203
423 210
413 210
402 208
389 207
384 204
375 196
372 192
365 188
365 192
368 211
375 242
381 287
383 322
283 311
280 314
287 315
282 319
282 319
284 317
287 315
287 315
290 316
291 317
291 318
291 320
291 320
291 320
290 318
392 172
421 192
425 200
425 203
423 210
413 210
402 208
389 207
384 204
375 196
372 192
365 188
365 192
368 211
375 242
381 287
383 322
283 311
280 314
287 315
282 319
282 319
284 317
287 315
287 315
290 316
291 317
291 318
291 320
291 320
291 320
343 129
392 172
421 192
425 200
425 203
423 210
413 210
402 208
389 207
384 204
375 196
372 192
365 188
365 192
368 211
375 242
381 287
383 322
283 311
280 314
287 315
282 319
282 319
284 317
287 315
287 315
290 316
291 317
291 318
291 320
291 320
294 96
343 129
392 172
421 192
425 200
425 203
423 210
413 210
402 208
389 207
384 204
375 196
372 192
365 188
365 192
368 211
375 242
381 287
383 322
283 311
280 314
287 315
282 319
282 319
284 317
287 315
287 315
290 316
291 317
291 318
291 320
255 75
294 96
343 129
392 172
421 192
425 200
425 203
423 210
413 210
402 208
389 207
384 204
375 196
372 192
365 188
365 192
368 211
375 242
381 287
383 322
283 311
280 314
287 315
282 319
282 319
284 317
287 315
287 315
290 316
291 317
291 318
235 63
255 75
294 96
343 129
392 172
421 192
425 200
425 203
423 210
413 210
402 208
389 207
384 204
375 196
372 192
365 188
365 192
368 211
375 242
381 287
383 322
283 311
280 314
287 315
282 319
282 319
284 317
287 315
287 315
290 316
291 317
223 59
235 63
255 75
294 96
343 129
392 172
421 192
425 200
425 203
423 210
413 210
402 208
389 207
384 204
375 196
372 192
365 188
365 192
368 211
375 242
381 287
383 322
283 311
280 314
287 315
282 319
282 319
284 317
287 315
287 315
290 316
212 82
223 59
235 63
255 75
294 96
343 129
392 172
421 192
425 200
425 203
423 210
413 210
402 208
389 207
384 204
375 196
372 192
365 188
365 192
368 211
375 242
381 287
383 322
283 311
280 314
287 315
282 319
282 319
284 317
287 315
287 315
207 80
212 82
223 59
235 63
255 75
294 96
343 129
392 172
421 192
425 200
425 203
423 210
413 210
402 208
389 207
384 204
375 196
372 192
365 188
365 192
368 211
375 242
381 287
383 322
283 311
280 314
287 315
282 319
282 319
284 317
287 315
204 81
207 80
212 82
223 59
235 63
255 75
294 96
343 129
392 172
421 192
425 200
425 203
423 210
413 210
402 208
389 207
384 204
375 196
372 192
365 188
365 192
368 211
375 242
381 287
383 322
283 311
280 314
287 315
282 319
282 319
284 317
202 88
204 81
207 80
212 82
223 59
235 63
255 75
294 96
343 129
392 172
421 192
425 200
425 203
423 210
413 210
402 208
389 207
384 204
375 196
372 192
365 188
365 192
368 211
375 242
381 287
383 322
283 311
280 314
287 315
282 319
282 319
202 99
202 88
204 81
207 80
212 82
223 59
235 63
255 75
294 96
343 129
392 172
421 192
425 200
425 203
423 210
413 210
402 208
389 207
384 204
375 196
372 192
365 188
365 192
368 211
375 242
381 287
383 322
283 311
280 314
287 315
282 319
202 118
202 99
202 88
204 81
207 80
212 82
223 59
235 63
255 75
294 96
343 129
392 172
421 192
425 200
425 203
423 210
413 210
402 208
389 207
384 204
375 196
372 192
365 188
365 192
368 211
375 242
381 287
383 322
283 311
280 314
287 315
204 142
202 118
202 99
202 88
204 81
207 80
212 82
223 59
235 63
255 75
294 96
343 129
392 172
421 192
425 200
425 203
423 210
413 210
402 208
389 207
384 204
375 196
372 192
365 188
365 192
368 211
375 242
381 287
383 322
283 311
280 314
203 161
204 142
202 118
202 99
202 88
204 81
207 80
212 82
223 59
235 63
255 75
294 96
343 129
392 172
421 192
425 200
425 203
423 210
413 210
402 208
389 207
384 204
375 196
372 192
365 188
365 192
368 211
375 242
381 287
383 322
283 311
204 194
203 161
204 142
202 118
202 99
202 88
204 81
207 80
212 82
223 59
235 63
255 75
294 96
343 129
392 172
421 192
425 200
425 203
423 210
413 210
402 208
389 207
384 204
375 196
372 192
365 188
365 192
368 211
375 242
381 287
383 322
226 210
204 194
203 161
204 142
202 118
202 99
202 88
204 81
207 80
212 82
223 59
235 63
255 75
294 96
343 129
392 172
421 192
425 200
425 203
423 210
413 210
402 208
389 207
384 204
375 196
372 192
365 188
365 192
368 211
375 242
381 287
227 233
226 210
204 194
203 161
204 142
202 118
202 99
202 88
204 81
207 80
212 82
223 59
235 63
255 75
294 96
343 129
392 172
421 192
425 200
425 203
423 210
413 210
402 208
389 207
384 204
375 196
372 192
365 188
365 192
368 211
375 242
226 246
227 233
226 210
204 194
203 161
204 142
202 118
202 99
202 88
204 81
207 80
212 82
223 59
235 63
255 75
294 96
343 129
392 172
421 192
425 200
425 203
423 210
413 210
402 208
389 207
384 204
375 196
372 192
365 188
365 192
368 211
226 248
226 246
227 233
226 210
204 194
203 161
204 142
202 118
202 99
202 88
204 81
207 80
212 82
223 59
235 63
255 75
294 96
343 129
392 172
421 192
425 200
425 203
423 210
413 210
402 208
389 207
384 204
375 196
372 192
365 188
365 192
230 245
226 248
226 246
227 233
226 210
204 194
203 161
204 142
202 118
202 99
202 88
204 81
207 80
212 82
223 59
235 63
255 75
294 96
343 129
392 172
421 192
425 200
425 203
423 210
413 210
402 208
389 207
384 204
375 196
372 192
365 188
242 243
230 245
226 248
226 246
227 233
226 210
204 194
203 161
204 142
202 118
202 99
202 88
204 81
207 80
212 82
223 59
235 63
255 75
294 96
343 129
392 172
421 192
425 200
425 203
423 210
413 210
402 208
389 207
384 204
375 196
372 192
263 242
242 243
230 245
226 248
226 246
227 233
226 210
204 194
203 161
204 142
202 118
202 99
202 88
204 81
207 80
212 82
223 59
235 63
255 75
294 96
343 129
392 172
421 192
425 200
425 203
423 210
413 210
402 208
389 207
384 204
375 196
292 245
263 242
242 243
230 245
226 248
226 246
227 233
226 210
204 194
203 161
204 142
202 118
202 99
202 88
204 81
207 80
212 82
223 59
235 63
255 75
294 96
343 129
392 172
421 192
425 200
425 203
423 210
413 210
402 208
389 207
384 204
320 250
292 245
263 242
242 243
230 245
226 248
226 246
227 233
226 210
204 194
203 161
204 142
202 118
202 99
202 88
204 81
207 80
212 82
223 59
235 63
255 75
294 96
343 129
392 172
421 192
425 200
425 203
423 210
413 210
402 208
389 207
342 253
320 250
292 245
263 242
242 243
230 245
226 248
226 246
227 233
226 210
204 194
203 161
204 142
202 118
202 99
202 88
204 81
207 80
212 82
223 59
235 63
255 75
294 96
343 129
392 172
421 192
425 200
425 203
423 210
413 210
402 208
353 255
342 253
320 250
292 245
263 242
242 243
230 245
226 248
226 246
227 233
226 210
204 194
203 161
204 142
202 118
202 99
202 88
204 81
207 80
212 82
223 59
235 63
255 75
294 96
343 129
392 172
421 192
425 200
425 203
423 210
413 210
354 257
353 255
342 253
320 250
292 245
263 242
242 243
230 245
226 248
226 246
227 233
226 210
204 194
203 161
204 142
202 118
202 99
202 88
204 81
207 80
212 82
223 59
235 63
255 75
294 96
343 129
392 172
421 192
425 200
425 203
423 210
347 259
354 257
353 255
342 253
320 250
292 245
263 242
242 243
230 245
226 248
226 246
227 233
226 210
204 194
203 161
204 142
202 118
202 99
202 88
204 81
207 80
212 82
223 59
235 63
255 75
294 96
343 129
392 172
421 192
425 200
425 203
331 259
347 259
354 257
353 255
342 253
320 250
292 245
263 242
242 243
230 245
226 248
226 246
227 233
226 210
204 194
203 161
204 142
202 118
202 99
202 88
204 81
207 80
212 82
223 59
235 63
255 75
294 96
343 129
392 172
421 192
425 200
306 256
331 259
347 259
354 257
353 255
342 253
320 250
292 245
263 242
242 243
230 245
226 248
226 246
227 233
226 210
204 194
203 161
204 142
202 118
202 99
202 88
204 81
207 80
212 82
223 59
235 63
255 75
294 96
343 129
392 172
421 192
272 252
306 256
331 259
347 259
354 257
353 255
342 253
320 250
292 245
263 242
242 243
230 245
226 248
226 246
227 233
226 210
204 194
203 161
204 142
202 118
202 99
202 88
204 81
207 80
212 82
223 59
235 63
255 75
294 96
343 129
392 172
235 251
272 252
306 256
331 259
347 259
354 257
353 255
342 253
320 250
292 245
263 242
242 243
230 245
226 248
226 246
227 233
226 210
204 194
203 161
204 142
202 118
202 99
202 88
204 81
207 80
212 82
223 59
235 63
255 75
294 96
343 129
193 248
235 251
272 252
306 256
331 259
347 259
354 257
353 255
342 253
320 250
292 245
263 242
242 243
230 245
226 248
226 246
227 233
226 210
204 194
203 161
204 142
202 118
202 99
202 88
204 81
207 80
212 82
223 59
235 63
255 75
294 96
157 245
193 248
235 251
272 252
306 256
331 259
347 259
354 257
353 255
342 253
320 250
292 245
263 242
242 243
230 245
226 248
226 246
227 233
226 210
204 194
203 161
204 142
202 118
202 99
202 88
204 81
207 80
212 82
223 59
235 63
255 75
133 242
157 245
193 248
235 251
272 252
306 256
331 259
347 259
354 257
353 255
342 253
320 250
292 245
263 242
242 243
230 245
226 248
226 246
227 233
226 210
204 194
203 161
204 142
202 118
202 99
202 88
204 81
207 80
212 82
223 59
235 63
120 242
133 242
157 245
193 248
235 251
272 252
306 256
331 259
347 259
354 257
353 255
342 253
320 250
292 245
263 242
242 243
230 245
226 248
226 246
227 233
226 210
204 194
203 161
204 142
202 118
202 99
202 88
204 81
207 80
212 82
223 59
117 244
120 242
133 242
157 245
193 248
235 251
272 252
306 256
331 259
347 259
354 257
353 255
342 253
320 250
292 245
263 242
242 243
230 245
226 248
226 246
227 233
226 210
204 194
203 161
204 142
202 118
202 99
202 88
204 81
207 80
212 82
119 245
117 244
120 242
133 242
157 245
193 248
235 251
272 252
306 256
331 259
347 259
354 257
353 255
342 253
320 250
292 245
263 242
242 243
230 245
226 248
226 246
227 233
226 210
204 194
203 161
204 142
202 118
202 99
202 88
204 81
207 80
119 247
119 245
117 244
120 242
133 242
157 245
193 248
235 251
272 252
306 256
331 259
347 259
354 257
353 255
342 253
320 250
292 245
263 242
242 243
230 245
226 248
226 246
227 233
226 210
204 194
203 161
204 142
202 118
202 99
202 88
204 81
117 249
119 247
119 245
117 244
120 242
133 242
157 245
193 248
235 251
272 252
306 256
331 259
347 259
354 257
353 255
342 253
320 250
292 245
263 242
242 243
230 245
226 248
226 246
227 233
226 210
204 194
203 161
204 142
202 118
202 99
202 88
113 250
117 249
119 247
119 245
117 244
120 242
133 242
157 245
193 248
235 251
272 252
306 256
331 259
347 259
354 257
353 255
342 253
320 250
292 245
263 242
242 243
230 245
226 248
226 246
227 233
226 210
204 194
203 161
204 142
202 118
202 99
108 251
113 250
117 249
119 247
119 245
117 244
120 242
133 242
157 245
193 248
235 251
272 252
306 256
331 259
347 259
354 257
353 255
342 253
320 250
292 245
263 242
242 243
230 245
226 248
226 246
227 233
226 210
204 194
203 161
204 142
202 118
106 253
108 251
113 250
117 249
119 247
119 245
117 244
120 242
133 242
157 245
193 248
235 251
272 252
306 256
331 259
347 259
354 257
353 255
342 253
320 250
292 245
263 242
242 243
230 245
226 248
226 246
227 233
226 210
204 194
203 161
204 142
105 254
106 253
108 251
113 250
117 249
119 247
119 245
117 244
120 242
133 242
157 245
193 248
235 251
272 252
306 256
331 259
347 259
354 257
353 255
342 253
320 250
292 245
263 242
242 243
230 245
226 248
226 246
227 233
226 210
204 194
203 161
107 255
105 254
106 253
108 251
113 250
117 249
119 247
119 245
117 244
120 242
133 242
157 245
193 248
235 251
272 252
306 256
331 259
347 259
354 257
353 255
342 253
320 250
292 245
263 242
242 243
230 245
226 248
226 246
227 233
226 210
204 194
110 253
107 255
105 254
106 253
108 251
113 250
117 249
119 247
119 245
117 244
120 242
133 242
157 245
193 248
235 251
272 252
306 256
331 259
347 259
354 257
353 255
342 253
320 250
292 245
263 242
242 243
230 245
226 248
226 246
227 233
226 210
114 252
110 253
107 255
105 254
106 253
108 251
113 250
117 249
119 247
119 245
117 244
120 242
133 242
157 245
193 248
235 251
272 252
306 256
331 259
347 259
354 257
353 255
342 253
320 250
292 245
263 242
242 243
230 245
226 248
226 246
227 233
117 250
114 252
110 253
107 255
105 254
106 253
108 251
113 250
117 249
119 247
119 245
117 244
120 242
133 242
157 245
193 248
235 251
272 252
306 256
331 259
347 259
354 257
353 255
342 253
320 250
292 245
263 242
242 243
230 245
226 248
226 246
119 248
117 250
114 252
110 253
107 255
105 254
106 253
108 251
113 250
117 249
119 247
119 245
117 244
120 242
133 242
157 245
193 248
235 251
272 252
306 256
331 259
347 259
354 257
353 255
342 253
320 250
292 245
263 242
242 243
230 245
226 248
117 248
119 248
117 250
114 252
110 253
107 255
105 254
106 253
108 251
113 250
117 249
119 247
119 245
117 244
120 242
133 242
157 245
193 248
235 251
272 252
306 256
331 259
347 259
354 257
353 255
342 253
320 250
292 245
263 242
242 243
230 245
115 250
117 248
119 248
117 250
114 252
110 253
107 255
105 254
106 253
108 251
113 250
117 249
119 247
119 245
117 244
120 242
133 242
157 245
193 248
235 251
272 252
306 256
331 259
347 259
354 257
353 255
342 253
320 250
292 245
263 242
242 243
113 253
115 250
117 248
119 248
117 250
114 252
110 253
107 255
105 254
106 253
108 251
113 250
117 249
119 247
119 245
117 244
120 242
133 242
157 245
193 248
235 251
272 252
306 256
331 259
347 259
354 257
353 255
342 253
320 250
292 245
263 242
277 133
279 134
277 133
279 135
279 134
277 133
280 135
279 135
279 134
277 133
280 136
280 135
279 135
279 134
277 133
278 137
280 136
280 135
279 135
279 134
277 133
278 137
278 137
280 136
280 135
279 135
279 134
277 133
279 137
278 137
278 137
280 136
280 135
279 135
279 134
277 133
279 135
279 137
278 137
278 137
280 136
280 135
279 135
279 134
277 133
278 134
279 135
279 137
278 137
278 137
280 136
280 135
279 135
279 134
277 133
278 132
278 134
279 135
279 137
278 137
278 137
280 136
280 135
279 135
279 134
277 133
275 130
278 132
278 134
279 135
279 137
278 137
278 137
280 136
280 135
279 135
279 134
277 133
270 127
275 130
278 132
278 134
279 135
279 137
278 137
278 137
280 136
280 135
279 135
279 134
277 133
267 127
270 127
275 130
278 132
278 134
279 135
279 137
278 137
278 137
280 136
280 135
279 135
279 134
277 133
266 128
267 127
270 127
275 130
278 132
278 134
279 135
279 137
278 137
278 137
280 136
280 135
279 135
279 134
277 133
265 130
266 128
267 127
270 127
275 130
278 132
278 134
279 135
279 137
278 137
278 137
280 136
280 135
279 135
279 134
277 133
265 131
265 130
266 128
267 127
270 127
275 130
278 132
278 134
279 135
279 137
278 137
278 137
280 136
280 135
279 135
279 134
277 133
263 132
265 131
265 130
266 128
267 127
270 127
275 130
278 132
278 134
279 135
279 137
278 137
278 137
280 136
280 135
279 135
279 134
277 133
261 131
263 132
265 131
265 130
266 128
267 127
270 127
275 130
278 132
278 134
279 135
279 137
278 137
278 137
280 136
280 135
279 135
279 134
277 133
260 130
261 131
263 132
265 131
265 130
266 128
267 127
270 127
275 130
278 132
278 134
279 135
279 137
278 137
278 137
280 136
280 135
279 135
279 134
277 133
259 130
260 130
261 131
263 132
265 131
265 130
266 128
267 127
270 127
275 130
278 132
278 134
279 135
279 137
278 137
278 137
280 136
280 135
279 135
279 134
277 133
258 131
259 130
260 130
261 131
263 132
265 131
265 130
266 128
267 127
270 127
275 130
278 132
278 134
279 135
279 137
278 137
278 137
280 136
280 135
279 135
279 134
277 133
250 140
258 131
259 130
260 130
261 131
263 132
265 131
265 130
266 128
267 127
270 127
275 130
278 132
278 134
279 135
279 137
278 137
278 137
280 136
280 135
279 135
279 134
277 133
258 132
250 140
258 131
259 130
260 130
261 131
263 132
265 131
265 130
266 128
267 127
270 127
275 130
278 132
278 134
279 135
279 137
278 137
278 137
280 136
280 135
279 135
279 134
277 133
259 135
258 132
250 140
258 131
259 130
260 130
261 131
263 132
265 131
265 130
266 128
267 127
270 127
275 130
278 132
278 134
279 135
279 137
278 137
278 137
280 136
280 135
279 135
279 134
277 133
257 133
259 135
258 132
250 140
258 131
259 130
260 130
261 131
263 132
265 131
265 130
266 128
267 127
270 127
275 130
278 132
278 134
279 135
279 137
278 137
278 137
280 136
280 135
279 135
279 134
277 133
257 134
257 133
259 135
258 132
250 140
258 131
259 130
260 130
261 131
263 132
265 131
265 130
266 128
267 127
270 127
275 130
278 132
278 134
279 135
279 137
278 137
278 137
280 136
280 135
279 135
279 134
277 133
255 132
257 134
257 133
259 135
258 132
250 140
258 131
259 130
260 130
261 131
263 132
265 131
265 130
266 128
267 127
270 127
275 130
278 132
278 134
279 135
279 137
278 137
278 137
280 136
280 135
279 135
279 134
277 133
253 134
255 132
257 134
257 133
259 135
258 132
250 140
258 131
259 130
260 130
261 131
263 132
265 131
265 130
266 128
267 127
270 127
275 130
278 132
278 134
279 135
279 137
278 137
278 137
280 136
280 135
279 135
279 134
277 133
255 134
253 134
255 132
257 134
257 133
259 135
258 132
250 140
258 131
259 130
260 130
261 131
263 132
265 131
265 130
266 128
267 127
270 127
275 130
278 132
278 134
279 135
279 137
278 137
278 137
280 136
280 135
279 135
279 134
277 133
247 146
255 134
253 134
255 132
257 134
257 133
259 135
258 132
250 140
258 131
259 130
260 130
261 131
263 132
265 131
265 130
266 128
267 127
270 127
275 130
278 132
278 134
279 135
279 137
278 137
278 137
280 136
280 135
279 135
279 134
277 133
258 138
247 146
255 134
253 134
255 132
257 134
257 133
259 135
258 132
250 140
258 131
259 130
260 130
261 131
263 132
265 131
265 130
266 128
267 127
270 127
275 130
278 132
278 134
279 135
279 137
278 137
278 137
280 136
280 135
279 135
279 134
258 136
258 138
247 146
255 134
253 134
255 132
257 134
257 133
259 135
258 132
250 140
258 131
259 130
260 130
261 131
263 132
265 131
265 130
266 128
267 127
270 127
275 130
278 132
278 134
279 135
279 137
278 137
278 137
280 136
280 135
279 135
258 134
258 136
258 138
247 146
255 134
253 134
255 132
257 134
257 133
259 135
258 132
250 140
258 131
259 130
260 130
261 131
263 132
265 131
265 130
266 128
267 127
270 127
275 130
278 132
278 134
279 135
279 137
278 137
278 137
280 136
280 135
259 132
258 134
258 136
258 138
247 146
255 134
253 134
255 132
257 134
257 133
259 135
258 132
250 140
258 131
259 130
260 130
261 131
263 132
265 131
265 130
266 128
267 127
270 127
275 130
278 132
278 134
279 135
279 137
278 137
278 137
280 136
261 132
259 132
258 134
258 136
258 138
247 146
255 134
253 134
255 132
257 134
257 133
259 135
258 132
250 140
258 131
259 130
260 130
261 131
263 132
265 131
265 130
266 128
267 127
270 127
275 130
278 132
278 134
279 135
279 137
278 137
278 137
264 133
261 132
259 132
258 134
258 136
258 138
247 146
255 134
253 134
255 132
257 134
257 133
259 135
258 132
250 140
258 131
259 130
260 130
261 131
263 132
265 131
265 130
266 128
267 127
270 127
275 130
278 132
278 134
279 135
279 137
278 137
265 134
264 133
261 132
259 132
258 134
258 136
258 138
247 146
255 134
253 134
255 132
257 134
257 133
259 135
258 132
250 140
258 131
259 130
260 130
261 131
263 132
265 131
265 130
266 128
267 127
270 127
275 130
278 132
278 134
279 135
279 137
266 136
265 134
264 133
261 132
259 132
258 134
258 136
258 138
247 146
255 134
253 134
255 132
257 134
257 133
259 135
258 132
250 140
258 131
259 130
260 130
261 131
263 132
265 131
265 130
266 128
267 127
270 127
275 130
278 132
278 134
279 135
251 146
266 136
265 134
264 133
261 132
259 132
258 134
258 136
258 138
247 146
255 134
253 134
255 132
257 134
257 133
259 135
258 132
250 140
258 131
259 130
260 130
261 131
263 132
265 131
265 130
266 128
267 127
270 127
275 130
278 132
278 134
242 143
251 146
266 136
265 134
264 133
261 132
259 132
258 134
258 136
258 138
247 146
255 134
253 134
255 132
257 134
257 133
259 135
258 132
250 140
258 131
259 130
260 130
261 131
263 132
265 131
265 130
266 128
267 127
270 127
275 130
278 132
239 143
242 143
251 146
266 136
265 134
264 133
261 132
259 132
258 134
258 136
258 138
247 146
255 134
253 134
255 132
257 134
257 133
259 135
258 132
250 140
258 131
259 130
260 130
261 131
263 132
265 131
265 130
266 128
267 127
270 127
275 130
231 137
239 143
242 143
251 146
266 136
265 134
264 133
261 132
259 132
258 134
258 136
258 138
247 146
255 134
253 134
255 132
257 134
257 133
259 135
258 132
250 140
258 131
259 130
260 130
261 131
263 132
265 131
265 130
266 128
267 127
270 127
225 129
231 137
239 143
242 143
251 146
266 136
265 134
264 133
261 132
259 132
258 134
258 136
258 138
247 146
255 134
253 134
255 132
257 134
257 133
259 135
258 132
250 140
258 131
259 130
260 130
261 131
263 132
265 131
265 130
266 128
267 127
219 121
225 129
231 137
239 143
242 143
251 146
266 136
265 134
264 133
261 132
259 132
258 134
258 136
258 138
247 146
255 134
253 134
255 132
257 134
257 133
259 135
258 132
250 140
258 131
259 130
260 130
261 131
263 132
265 131
265 130
266 128
214 115
219 121
225 129
231 137
239 143
242 143
251 146
266 136
265 134
264 133
261 132
259 132
258 134
258 136
258 138
247 146
255 134
253 134
255 132
257 134
257 133
259 135
258 132
250 140
258 131
259 130
260 130
261 131
263 132
265 131
265 130
208 109
214 115
219 121
225 129
231 137
239 143
242 143
251 146
266 136
265 134
264 133
261 132
259 132
258 134
258 136
258 138
247 146
255 134
253 134
255 132
257 134
257 133
259 135
258 132
250 140
258 131
259 130
260 130
261 131
263 132
265 131
204 104
208 109
214 115
219 121
225 129
231 137
239 143
242 143
251 146
266 136
265 134
264 133
261 132
259 132
258 134
258 136
258 138
247 146
255 134
253 134
255 132
257 134
257 133
259 135
258 132
250 140
258 131
259 130
260 130
261 131
263 132
200 99
204 104
208 109
214 115
219 121
225 129
231 137
239 143
242 143
251 146
266 136
265 134
264 133
261 132
259 132
258 134
258 136
258 138
247 146
255 134
253 134
255 132
257 134
257 133
259 135
258 132
250 140
258 131
259 130
260 130
261 131
198 95
200 99
204 104
208 109
214 115
219 121
225 129
231 137
239 143
242 143
251 146
266 136
265 134
264 133
261 132
259 132
258 134
258 136
258 138
247 146
255 134
253 134
255 132
257 134
257 133
259 135
258 132
250 140
258 131
259 130
260 130
196 92
198 95
200 99
204 104
208 109
214 115
219 121
225 129
231 137
239 143
242 143
251 146
266 136
265 134
264 133
261 132
259 132
258 134
258 136
258 138
247 146
255 134
253 134
255 132
257 134
257 133
259 135
258 132
250 140
258 131
259 130
195 88
196 92
198 95
200 99
204 104
208 109
214 115
219 121
225 129
231 137
239 143
242 143
251 146
266 136
265 134
264 133
261 132
259 132
258 134
258 136
258 138
247 146
255 134
253 134
255 132
257 134
257 133
259 135
258 132
250 140
258 131
193 87
195 88
196 92
198 95
200 99
204 104
208 109
214 115
219 121
225 129
231 137
239 143
242 143
251 146
266 136
265 134
264 133
261 132
259 132
258 134
258 136
258 138
247 146
255 134
253 134
255 132
257 134
257 133
259 135
258 132
250 140
191 85
193 87
195 88
196 92
198 95
200 99
204 104
208 109
214 115
219 121
225 129
231 137
239 143
242 143
251 146
266 136
265 134
264 133
261 132
259 132
258 134
258 136
258 138
247 146
255 134
253 134
255 132
257 134
257 133
259 135
258 132
188 84
191 85
193 87
195 88
196 92
198 95
200 99
204 104
208 109
214 115
219 121
225 129
231 137
239 143
242 143
251 146
266 136
265 134
264 133
261 132
259 132
258 134
258 136
258 138
247 146
255 134
253 134
255 132
257 134
257 133
259 135
186 85
188 84
191 85
193 87
195 88
196 92
198 95
200 99
204 104
208 109
214 115
219 121
225 129
231 137
239 143
242 143
251 146
266 136
265 134
264 133
261 132
259 132
258 134
258 136
258 138
247 146
255 134
253 134
255 132
257 134
257 133
185 86
186 85
188 84
191 85
193 87
195 88
196 92
198 95
200 99
204 104
208 109
214 115
219 121
225 129
231 137
239 143
242 143
251 146
266 136
265 134
264 133
261 132
259 132
258 134
258 136
258 138
247 146
255 134
253 134
255 132
257 134
184 89
185 86
186 85
188 84
191 85
193 87
195 88
196 92
198 95
200 99
204 104
208 109
214 115
219 121
225 129
231 137
239 143
242 143
251 146
266 136
265 134
264 133
261 132
259 132
258 134
258 136
258 138
247 146
255 134
253 134
255 132
181 94
184 89
185 86
186 85
188 84
191 85
193 87
195 88
196 92
198 95
200 99
204 104
208 109
214 115
219 121
225 129
231 137
239 143
242 143
251 146
266 136
265 134
264 133
261 132
259 132
258 134
258 136
258 138
247 146
255 134
253 134
180 101
181 94
184 89
185 86
186 85
188 84
191 85
193 87
195 88
196 92
198 95
200 99
204 104
208 109
214 115
219 121
225 129
231 137
239 143
242 143
251 146
266 136
265 134
264 133
261 132
259 132
258 134
258 136
258 138
247 146
255 134
181 112
180 101
181 94
184 89
185 86
186 85
188 84
191 85
193 87
195 88
196 92
198 95
200 99
204 104
208 109
214 115
219 121
225 129
231 137
239 143
242 143
251 146
266 136
265 134
264 133
261 132
259 132
258 134
258 136
258 138
247 146
183 123
181 112
180 101
181 94
184 89
185 86
186 85
188 84
191 85
193 87
195 88
196 92
198 95
200 99
204 104
208 109
214 115
219 121
225 129
231 137
239 143
242 143
251 146
266 136
265 134
264 133
261 132
259 132
258 134
258 136
258 138
184 128
183 123
181 112
180 101
181 94
184 89
185 86
186 85
188 84
191 85
193 87
195 88
196 92
198 95
200 99
204 104
208 109
214 115
219 121
225 129
231 137
239 143
242 143
251 146
266 136
265 134
264 133
261 132
259 132
258 134
258 136
185 141
184 128
183 123
181 112
180 101
181 94
184 89
185 86
186 85
188 84
191 85
193 87
195 88
196 92
198 95
200 99
204 104
208 109
214 115
219 121
225 129
231 137
239 143
242 143
251 146
266 136
265 134
264 133
261 132
259 132
258 134
185 153
185 141
184 128
183 123
181 112
180 101
181 94
184 89
185 86
186 85
188 84
191 85
193 87
195 88
196 92
198 95
200 99
204 104
208 109
214 115
219 121
225 129
231 137
239 143
242 143
251 146
266 136
265 134
264 133
261 132
259 132
185 165
185 153
185 141
184 128
183 123
181 112
180 101
181 94
184 89
185 86
186 85
188 84
191 85
193 87
195 88
196 92
198 95
200 99
204 104
208 109
214 115
219 121
225 129
231 137
239 143
242 143
251 146
266 136
265 134
264 133
261 132
184 175
185 165
185 153
185 141
184 128
183 123
181 112
180 101
181 94
184 89
185 86
186 85
188 84
191 85
193 87
195 88
196 92
198 95
200 99
204 104
208 109
214 115
219 121
225 129
231 137
239 143
242 143
251 146
266 136
265 134
264 133
186 187
184 175
185 165
185 153
185 141
184 128
183 123
181 112
180 101
181 94
184 89
185 86
186 85
188 84
191 85
193 87
195 88
196 92
198 95
200 99
204 104
208 109
214 115
219 121
225 129
231 137
239 143
242 143
251 146
266 136
265 134
187 197
186 187
184 175
185 165
185 153
185 141
184 128
183 123
181 112
180 101
181 94
184 89
185 86
186 85
188 84
191 85
193 87
195 88
196 92
198 95
200 99
204 104
208 109
214 115
219 121
225 129
231 137
239 143
242 143
251 146
266 136
186 206
187 197
186 187
184 175
185 165
185 153
185 141
184 128
183 123
181 112
180 101
181 94
184 89
185 86
186 85
188 84
191 85
193 87
195 88
196 92
198 95
200 99
204 104
208 109
214 115
219 121
225 129
231 137
239 143
242 143
251 146
186 211
186 206
187 197
186 187
184 175
185 165
185 153
185 141
184 128
183 123
181 112
180 101
181 94
184 89
185 86
186 85
188 84
191 85
193 87
195 88
196 92
198 95
200 99
204 104
208 109
214 115
219 121
225 129
231 137
239 143
242 143
160 222
186 211
186 206
187 197
186 187
184 175
185 165
185 153
185 141
184 128
183 123
181 112
180 101
181 94
184 89
185 86
186 85
188 84
191 85
193 87
195 88
196 92
198 95
200 99
204 104
208 109
214 115
219 121
225 129
231 137
239 143
164 225
160 222
186 211
186 206
187 197
186 187
184 175
185 165
185 153
185 141
184 128
183 123
181 112
180 101
181 94
184 89
185 86
186 85
188 84
191 85
193 87
195 88
196 92
198 95
200 99
204 104
208 109
214 115
219 121
225 129
231 137
168 228
164 225
160 222
186 211
186 206
187 197
186 187
184 175
185 165
185 153
185 141
184 128
183 123
181 112
180 101
181 94
184 89
185 86
186 85
188 84
191 85
193 87
195 88
196 92
198 95
200 99
204 104
208 109
214 115
219 121
225 129
173 228
168 228
164 225
160 222
186 211
186 206
187 197
186 187
184 175
185 165
185 153
185 141
184 128
183 123
181 112
180 101
181 94
184 89
185 86
186 85
188 84
191 85
193 87
195 88
196 92
198 95
200 99
204 104
208 109
214 115
219 121
184 229
173 228
168 228
164 225
160 222
186 211
186 206
187 197
186 187
184 175
185 165
185 153
185 141
184 128
183 123
181 112
180 101
181 94
184 89
185 86
186 85
188 84
191 85
193 87
195 88
196 92
198 95
200 99
204 104
208 109
214 115
197 225
184 229
173 228
168 228
164 225
160 222
186 211
186 206
187 197
186 187
184 175
185 165
185 153
185 141
184 128
183 123
181 112
180 101
181 94
184 89
185 86
186 85
188 84
191 85
193 87
195 88
196 92
198 95
200 99
204 104
208 109
217 228
197 225
184 229
173 228
168 228
164 225
160 222
186 211
186 206
187 197
186 187
184 175
185 165
185 153
185 141
184 128
183 123
181 112
180 101
181 94
184 89
185 86
186 85
188 84
191 85
193 87
195 88
196 92
198 95
200 99
204 104
237 230
217 228
197 225
184 229
173 228
168 228
164 225
160 222
186 211
186 206
187 197
186 187
184 175
185 165
185 153
185 141
184 128
183 123
181 112
180 101
181 94
184 89
185 86
186 85
188 84
191 85
193 87
195 88
196 92
198 95
200 99
260 231
237 230
217 228
197 225
184 229
173 228
168 228
164 225
160 222
186 211
186 206
187 197
186 187
184 175
185 165
185 153
185 141
184 128
183 123
181 112
180 101
181 94
184 89
185 86
186 85
188 84
191 85
193 87
195 88
196 92
198 95
272 231
260 231
237 230
217 228
197 225
184 229
173 228
168 228
164 225
160 222
186 211
186 206
187 197
186 187
184 175
185 165
185 153
185 141
184 128
183 123
181 112
180 101
181 94
184 89
185 86
186 85
188 84
191 85
193 87
195 88
196 92
292 231
272 231
260 231
237 230
217 228
197 225
184 229
173 228
168 228
164 225
160 222
186 211
186 206
187 197
186 187
184 175
185 165
185 153
185 141
184 128
183 123
181 112
180 101
181 94
184 89
185 86
186 85
188 84
191 85
193 87
195 88
310 231
292 231
272 231
260 231
237 230
217 228
197 225
184 229
173 228
168 228
164 225
160 222
186 211
186 206
187 197
186 187
184 175
185 165
185 153
185 141
184 128
183 123
181 112
180 101
181 94
184 89
185 86
186 85
188 84
191 85
193 87
327 230
310 231
292 231
272 231
260 231
237 230
217 228
197 225
184 229
173 228
168 228
164 225
160 222
186 211
186 206
187 197
186 187
184 175
185 165
185 153
185 141
184 128
183 123
181 112
180 101
181 94
184 89
185 86
186 85
188 84
191 85
343 228
327 230
310 231
292 231
272 231
260 231
237 230
217 228
197 225
184 229
173 228
168 228
164 225
160 222
186 211
186 206
187 197
186 187
184 175
185 165
185 153
185 141
184 128
183 123
181 112
180 101
181 94
184 89
185 86
186 85
188 84
356 227
343 228
327 230
310 231
292 231
272 231
260 231
237 230
217 228
197 225
184 229
173 228
168 228
164 225
160 222
186 211
186 206
187 197
186 187
184 175
185 165
185 153
185 141
184 128
183 123
181 112
180 101
181 94
184 89
185 86
186 85
370 228
356 227
343 228
327 230
310 231
292 231
272 231
260 231
237 230
217 228
197 225
184 229
173 228
168 228
164 225
160 222
186 211
186 206
187 197
186 187
184 175
185 165
185 153
185 141
184 128
183 123
181 112
180 101
181 94
184 89
185 86
382 230
370 228
356 227
343 228
327 230
310 231
292 231
272 231
260 231
237 230
217 228
197 225
184 229
173 228
168 228
164 225
160 222
186 211
186 206
187 197
186 187
184 175
185 165
185 153
185 141
184 128
183 123
181 112
180 101
181 94
184 89
388 231
382 230
370 228
356 227
343 228
327 230
310 231
292 231
272 231
260 231
237 230
217 228
197 225
184 229
173 228
168 228
164 225
160 222
186 211
186 206
187 197
186 187
184 175
185 165
185 153
185 141
184 128
183 123
181 112
180 101
181 94
386 232
388 231
382 230
370 228
356 227
343 228
327 230
310 231
292 231
272 231
260 231
237 230
217 228
197 225
184 229
173 228
168 228
164 225
160 222
186 211
186 206
187 197
186 187
184 175
185 165
185 153
185 141
184 128
183 123
181 112
180 101
382 233
386 232
388 231
382 230
370 228
356 227
343 228
327 230
310 231
292 231
272 231
260 231
237 230
217 228
197 225
184 229
173 228
168 228
164 225
160 222
186 211
186 206
187 197
186 187
184 175
185 165
185 153
185 141
184 128
183 123
181 112
377 235
382 233
386 232
388 231
382 230
370 228
356 227
343 228
327 230
310 231
292 231
272 231
260 231
237 230
217 228
197 225
184 229
173 228
168 228
164 225
160 222
186 211
186 206
187 197
186 187
184 175
185 165
185 153
185 141
184 128
183 123
363 237
377 235
382 233
386 232
388 231
382 230
370 228
356 227
343 228
327 230
310 231
292 231
272 231
260 231
237 230
217 228
197 225
184 229
173 228
168 228
164 225
160 222
186 211
186 206
187 197
186 187
184 175
185 165
185 153
185 141
184 128
343 238
363 237
377 235
382 233
386 232
388 231
382 230
370 228
356 227
343 228
327 230
310 231
292 231
272 231
260 231
237 230
217 228
197 225
184 229
173 228
168 228
164 225
160 222
186 211
186 206
187 197
186 187
184 175
185 165
185 153
185 141
318 241
343 238
363 237
377 235
382 233
386 232
388 231
382 230
370 228
356 227
343 228
327 230
310 231
292 231
272 231
260 231
237 230
217 228
197 225
184 229
173 228
168 228
164 225
160 222
186 211
186 206
187 197
186 187
184 175
185 165
185 153
291 241
318 241
343 238
363 237
377 235
382 233
386 232
388 231
382 230
370 228
356 227
343 228
327 230
310 231
292 231
272 231
260 231
237 230
217 228
197 225
184 229
173 228
168 228
164 225
160 222
186 211
186 206
187 197
186 187
184 175
185 165
276 240
291 241
318 241
343 238
363 237
377 235
382 233
386 232
388 231
382 230
370 228
356 227
343 228
327 230
310 231
292 231
272 231
260 231
237 230
217 228
197 225
184 229
173 228
168 228
164 225
160 222
186 211
186 206
187 197
186 187
184 175
244 237
276 240
291 241
318 241
343 238
363 237
377 235
382 233
386 232
388 231
382 230
370 228
356 227
343 228
327 230
310 231
292 231
272 231
260 231
237 230
217 228
197 225
184 229
173 228
168 228
164 225
160 222
186 211
186 206
187 197
186 187
215 234
244 237
276 240
291 241
318 241
343 238
363 237
377 235
382 233
386 232
388 231
382 230
370 228
356 227
343 228
327 230
310 231
292 231
272 231
260 231
237 230
217 228
197 225
184 229
173 228
168 228
164 225
160 222
186 211
186 206
187 197
188 230
215 234
244 237
276 240
291 241
318 241
343 238
363 237
377 235
382 233
386 232
388 231
382 230
370 228
356 227
343 228
327 230
310 231
292 231
272 231
260 231
237 230
217 228
197 225
184 229
173 228
168 228
164 225
160 222
186 211
186 206
163 226
188 230
215 234
244 237
276 240
291 241
318 241
343 238
363 237
377 235
382 233
386 232
388 231
382 230
370 228
356 227
343 228
327 230
310 231
292 231
272 231
260 231
237 230
217 228
197 225
184 229
173 228
168 228
164 225
160 222
186 211
143 222
163 226
188 230
215 234
244 237
276 240
291 241
318 241
343 238
363 237
377 235
382 233
386 232
388 231
382 230
370 228
356 227
343 228
327 230
310 231
292 231
272 231
260 231
237 230
217 228
197 225
184 229
173 228
168 228
164 225
160 222
127 218
143 222
163 226
188 230
215 234
244 237
276 240
291 241
318 241
343 238
363 237
377 235
382 233
386 232
388 231
382 230
370 228
356 227
343 228
327 230
310 231
292 231
272 231
260 231
237 230
217 228
197 225
184 229
173 228
168 228
164 225
114 214
127 218
143 222
163 226
188 230
215 234
244 237
276 240
291 241
318 241
343 238
363 237
377 235
382 233
386 232
388 231
382 230
370 228
356 227
343 228
327 230
310 231
292 231
272 231
260 231
237 230
217 228
197 225
184 229
173 228
168 228
103 212
114 214
127 218
143 222
163 226
188 230
215 234
244 237
276 240
291 241
318 241
343 238
363 237
377 235
382 233
386 232
388 231
382 230
370 228
356 227
343 228
327 230
310 231
292 231
272 231
260 231
237 230
217 228
197 225
184 229
173 228
94 210
103 212
114 214
127 218
143 222
163 226
188 230
215 234
244 237
276 240
291 241
318 241
343 238
363 237
377 235
382 233
386 232
388 231
382 230
370 228
356 227
343 228
327 230
310 231
292 231
272 231
260 231
237 230
217 228
197 225
184 229
86 210
94 210
103 212
114 214
127 218
143 222
163 226
188 230
215 234
244 237
276 240
291 241
318 241
343 238
363 237
377 235
382 233
386 232
388 231
382 230
370 228
356 227
343 228
327 230
310 231
292 231
272 231
260 231
237 230
217 228
197 225
80 210
86 210
94 210
103 212
114 214
127 218
143 222
163 226
188 230
215 234
244 237
276 240
291 241
318 241
343 238
363 237
377 235
382 233
386 232
388 231
382 230
370 228
356 227
343 228
327 230
310 231
292 231
272 231
260 231
237 230
217 228
76 212
80 210
86 210
94 210
103 212
114 214
127 218
143 222
163 226
188 230
215 234
244 237
276 240
291 241
318 241
343 238
363 237
377 235
382 233
386 232
388 231
382 230
370 228
356 227
343 228
327 230
310 231
292 231
272 231
260 231
237 230
73 212
76 212
80 210
86 210
94 210
103 212
114 214
127 218
143 222
163 226
188 230
215 234
244 237
276 240
291 241
318 241
343 238
363 237
377 235
382 233
386 232
388 231
382 230
370 228
356 227
343 228
327 230
310 231
292 231
272 231
260 231
71 212
73 212
76 212
80 210
86 210
94 210
103 212
114 214
127 218
143 222
163 226
188 230
215 234
244 237
276 240
291 241
318 241
343 238
363 237
377 235
382 233
386 232
388 231
382 230
370 228
356 227
343 228
327 230
310 231
292 231
272 231
70 213
71 212
73 212
76 212
80 210
86 210
94 210
103 212
114 214
127 218
143 222
163 226
188 230
215 234
244 237
276 240
291 241
318 241
343 238
363 237
377 235
382 233
386 232
388 231
382 230
370 228
356 227
343 228
327 230
310 231
292 231
70 213
70 213
71 212
73 212
76 212
80 210
86 210
94 210
103 212
114 214
127 218
143 222
163 226
188 230
215 234
244 237
276 240
291 241
318 241
343 238
363 237
377 235
382 233
386 232
388 231
382 230
370 228
356 227
343 228
327 230
310 231
68 214
70 213
70 213
71 212
73 212
76 212
80 210
86 210
94 210
103 212
114 214
127 218
143 222
163 226
188 230
215 234
244 237
276 240
291 241
318 241
343 238
363 237
377 235
382 233
386 232
388 231
382 230
370 228
356 227
343 228
327 230
68 215
68 214
70 213
70 213
71 212
73 212
76 212
80 210
86 210
94 210
103 212
114 214
127 218
143 222
163 226
188 230
215 234
244 237
276 240
291 241
318 241
343 238
363 237
377 235
382 233
386 232
388 231
382 230
370 228
356 227
343 228
68 216
68 215
68 214
70 213
70 213
71 212
73 212
76 212
80 210
86 210
94 210
103 212
114 214
127 218
143 222
163 226
188 230
215 234
244 237
276 240
291 241
318 241
343 238
363 237
377 235
382 233
386 232
388 231
382 230
370 228
356 227
70 217
68 216
68 215
68 214
70 213
70 213
71 212
73 212
76 212
80 210
86 210
94 210
103 212
114 214
127 218
143 222
163 226
188 230
215 234
244 237
276 240
291 241
318 241
343 238
363 237
377 235
382 233
386 232
388 231
382 230
370 228
73 217
70 217
68 216
68 215
68 214
70 213
70 213
71 212
73 212
76 212
80 210
86 210
94 210
103 212
114 214
127 218
143 222
163 226
188 230
215 234
244 237
276 240
291 241
318 241
343 238
363 237
377 235
382 233
386 232
388 231
382 230
74 218
73 217
70 217
68 216
68 215
68 214
70 213
70 213
71 212
73 212
76 212
80 210
86 210
94 210
103 212
114 214
127 218
143 222
163 226
188 230
215 234
244 237
276 240
291 241
318 241
343 238
363 237
377 235
382 233
386 232
388 231
75 218
74 218
73 217
70 217
68 216
68 215
68 214
70 213
70 213
71 212
73 212
76 212
80 210
86 210
94 210
103 212
114 214
127 218
143 222
163 226
188 230
215 234
244 237
276 240
291 241
318 241
343 238
363 237
377 235
382 233
386 232
77 219
75 218
74 218
73 217
70 217
68 216
68 215
68 214
70 213
70 213
71 212
73 212
76 212
80 210
86 210
94 210
103 212
114 214
127 218
143 222
163 226
188 230
215 234
244 237
276 240
291 241
318 241
343 238
363 237
377 235
382 233
79 220
77 219
75 218
74 218
73 217
70 217
68 216
68 215
68 214
70 213
70 213
71 212
73 212
76 212
80 210
86 210
94 210
103 212
114 214
127 218
143 222
163 226
188 230
215 234
244 237
276 240
291 241
318 241
343 238
363 237
377 235
81 221
79 220
77 219
75 218
74 218
73 217
70 217
68 216
68 215
68 214
70 213
70 213
71 212
73 212
76 212
80 210
86 210
94 210
103 212
114 214
127 218
143 222
163 226
188 230
215 234
244 237
276 240
291 241
318 241
343 238
363 237
81 221
81 221
79 220
77 219
75 218
74 218
73 217
70 217
68 216
68 215
68 214
70 213
70 213
71 212
73 212
76 212
80 210
86 210
94 210
103 212
114 214
127 218
143 222
163 226
188 230
215 234
244 237
276 240
291 241
318 241
343 238
82 221
81 221
81 221
79 220
77 219
75 218
74 218
73 217
70 217
68 216
68 215
68 214
70 213
70 213
71 212
73 212
76 212
80 210
86 210
94 210
103 212
114 214
127 218
143 222
163 226
188 230
215 234
244 237
276 240
291 241
318 241
83 221
82 221
81 221
81 221
79 220
77 219
75 218
74 218
73 217
70 217
68 216
68 215
68 214
70 213
70 213
71 212
73 212
76 212
80 210
86 210
94 210
103 212
114 214
127 218
143 222
163 226
188 230
215 234
244 237
276 240
291 241
84 222
83 221
82 221
81 221
81 221
79 220
77 219
75 218
74 218
73 217
70 217
68 216
68 215
68 214
70 213
70 213
71 212
73 212
76 212
80 210
86 210
94 210
103 212
114 214
127 218
143 222
163 226
188 230
215 234
244 237
276 240
84 222
84 222
83 221
82 221
81 221
81 221
79 220
77 219
75 218
74 218
73 217
70 217
68 216
68 215
68 214
70 213
70 213
71 212
73 212
76 212
80 210
86 210
94 210
103 212
114 214
127 218
143 222
163 226
188 230
215 234
244 237
84 223
84 222
84 222
83 221
82 221
81 221
81 221
79 220
77 219
75 218
74 218
73 217
70 217
68 216
68 215
68 214
70 213
70 213
71 212
73 212
76 212
80 210
86 210
94 210
103 212
114 214
127 218
143 222
163 226
188 230
215 234
85 223
84 223
84 222
84 222
83 221
82 221
81 221
81 221
79 220
77 219
75 218
74 218
73 217
70 217
68 216
68 215
68 214
70 213
70 213
71 212
73 212
76 212
80 210
86 210
94 210
103 212
114 214
127 218
143 222
163 226
188 230
85 223
85 223
84 223
84 222
84 222
83 221
82 221
81 221
81 221
79 220
77 219
75 218
74 218
73 217
70 217
68 216
68 215
68 214
70 213
70 213
71 212
73 212
76 212
80 210
86 210
94 210
103 212
114 214
127 218
143 222
163 226
85 223
85 223
85 223
84 223
84 222
84 222
83 221
82 221
81 221
81 221
79 220
77 219
75 218
74 218
73 217
70 217
68 216
68 215
68 214
70 213
70 213
71 212
73 212
76 212
80 210
86 210
94 210
103 212
114 214
127 218
143 222
85 223
85 223
85 223
85 223
84 223
84 222
84 222
83 221
82 221
81 221
81 221
79 220
77 219
75 218
74 218
73 217
70 217
68 216
68 215
68 214
70 213
70 213
71 212
73 212
76 212
80 210
86 210
94 210
103 212
114 214
127 218
86 224
85 223
85 223
85 223
85 223
84 223
84 222
84 222
83 221
82 221
81 221
81 221
79 220
77 219
75 218
74 218
73 217
70 217
68 216
68 215
68 214
70 213
70 213
71 212
73 212
76 212
80 210
86 210
94 210
103 212
114 214
86 224
86 224
85 223
85 223
85 223
85 223
84 223
84 222
84 222
83 221
82 221
81 221
81 221
79 220
77 219
75 218
74 218
73 217
70 217
68 216
68 215
68 214
70 213
70 213
71 212
73 212
76 212
80 210
86 210
94 210
103 212
88 225
86 224
86 224
85 223
85 223
85 223
85 223
84 223
84 222
84 222
83 221
82 221
81 221
81 221
79 220
77 219
75 218
74 218
73 217
70 217
68 216
68 215
68 214
70 213
70 213
71 212
73 212
76 212
80 210
86 210
94 210
89 225
88 225
86 224
86 224
85 223
85 223
85 223
85 223
84 223
84 222
84 222
83 221
82 221
81 221
81 221
79 220
77 219
75 218
74 218
73 217
70 217
68 216
68 215
68 214
70 213
70 213
71 212
73 212
76 212
80 210
86 210
91 225
89 225
88 225
86 224
86 224
85 223
85 223
85 223
85 223
84 223
84 222
84 222
83 221
82 221
81 221
81 221
79 220
77 219
75 218
74 218
73 217
70 217
68 216
68 215
68 214
70 213
70 213
71 212
73 212
76 212
80 210
92 223
91 225
89 225
88 225
86 224
86 224
85 223
85 223
85 223
85 223
84 223
84 222
84 222
83 221
82 221
81 221
81 221
79 220
77 219
75 218
74 218
73 217
70 217
68 216
68 215
68 214
70 213
70 213
71 212
73 212
76 212
93 222
92 223
91 225
89 225
88 225
86 224
86 224
85 223
85 223
85 223
85 223
84 223
84 222
84 222
83 221
82 221
81 221
81 221
79 220
77 219
75 218
74 218
73 217
70 217
68 216
68 215
68 214
70 213
70 213
71 212
73 212
92 222
93 222
92 223
91 225
89 225
88 225
86 224
86 224
85 223
85 223
85 223
85 223
84 223
84 222
84 222
83 221
82 221
81 221
81 221
79 220
77 219
75 218
74 218
73 217
70 217
68 216
68 215
68 214
70 213
70 213
71 212
91 223
92 222
93 222
92 223
91 225
89 225
88 225
86 224
86 224
85 223
85 223
85 223
85 223
84 223
84 222
84 222
83 221
82 221
81 221
81 221
79 220
77 219
75 218
74 218
73 217
70 217
68 216
68 215
68 214
70 213
70 213
89 224
91 223
92 222
93 222
92 223
91 225
89 225
88 225
86 224
86 224
85 223
85 223
85 223
85 223
84 223
84 222
84 222
83 221
82 221
81 221
81 221
79 220
77 219
75 218
74 218
73 217
70 217
68 216
68 215
68 214
70 213
88 226
89 224
91 223
92 222
93 222
92 223
91 225
89 225
88 225
86 224
86 224
85 223
85 223
85 223
85 223
84 223
84 222
84 222
83 221
82 221
81 221
81 221
79 220
77 219
75 218
74 218
73 217
70 217
68 216
68 215
68 214
88 228
88 226
89 224
91 223
92 222
93 222
92 223
91 225
89 225
88 225
86 224
86 224
85 223
85 223
85 223
85 223
84 223
84 222
84 222
83 221
82 221
81 221
81 221
79 220
77 219
75 218
74 218
73 217
70 217
68 216
68 215
87 228
88 228
88 226
89 224
91 223
92 222
93 222
92 223
91 225
89 225
88 225
86 224
86 224
85 223
85 223
85 223
85 223
84 223
84 222
84 222
83 221
82 221
81 221
81 221
79 220
77 219
75 218
74 218
73 217
70 217
68 216
87 228
87 228
88 228
88 226
89 224
91 223
92 222
93 222
92 223
91 225
89 225
88 225
86 224
86 224
85 223
85 223
85 223
85 223
84 223
84 222
84 222
83 221
82 221
81 221
81 221
79 220
77 219
75 218
74 218
73 217
70 217
86 227
87 228
87 228
88 228
88 226
89 224
91 223
92 222
93 222
92 223
91 225
89 225
88 225
86 224
86 224
85 223
85 223
85 223
85 223
84 223
84 222
84 222
83 221
82 221
81 221
81 221
79 220
77 219
75 218
74 218
73 217
84 228
86 227
87 228
87 228
88 228
88 226
89 224
91 223
92 222
93 222
92 223
91 225
89 225
88 225
86 224
86 224
85 223
85 223
85 223
85 223
84 223
84 222
84 222
83 221
82 221
81 221
81 221
79 220
77 219
75 218
74 218
82 229
84 228
86 227
87 228
87 228
88 228
88 226
89 224
91 223
92 222
93 222
92 223
91 225
89 225
88 225
86 224
86 224
85 223
85 223
85 223
85 223
84 223
84 222
84 222
83 221
82 221
81 221
81 221
79 220
77 219
75 218
81 231
82 229
84 228
86 227
87 228
87 228
88 228
88 226
89 224
91 223
92 222
93 222
92 223
91 225
89 225
88 225
86 224
86 224
85 223
85 223
85 223
85 223
84 223
84 222
84 222
83 221
82 221
81 221
81 221
79 220
77 219
82 232
81 231
82 229
84 228
86 227
87 228
87 228
88 228
88 226
89 224
91 223
92 222
93 222
92 223
91 225
89 225
88 225
86 224
86 224
85 223
85 223
85 223
85 223
84 223
84 222
84 222
83 221
82 221
81 221
81 221
79 220
84 232
82 232
81 231
82 229
84 228
86 227
87 228
87 228
88 228
88 226
89 224
91 223
92 222
93 222
92 223
91 225
89 225
88 225
86 224
86 224
85 223
85 223
85 223
85 223
84 223
84 222
84 222
83 221
82 221
81 221
81 221
86 232
84 232
82 232
81 231
82 229
84 228
86 227
87 228
87 228
88 228
88 226
89 224
91 223
92 222
93 222
92 223
91 225
89 225
88 225
86 224
86 224
85 223
85 223
85 223
85 223
84 223
84 222
84 222
83 221
82 221
81 221
87 231
86 232
84 232
82 232
81 231
82 229
84 228
86 227
87 228
87 228
88 228
88 226
89 224
91 223
92 222
93 222
92 223
91 225
89 225
88 225
86 224
86 224
85 223
85 223
85 223
85 223
84 223
84 222
84 222
83 221
82 221
87 231
87 231
86 232
84 232
82 232
81 231
82 229
84 228
86 227
87 228
87 228
88 228
88 226
89 224
91 223
92 222
93 222
92 223
91 225
89 225
88 225
86 224
86 224
85 223
85 223
85 223
85 223
84 223
84 222
84 222
83 221
87 231
87 231
87 231
86 232
84 232
82 232
81 231
82 229
84 228
86 227
87 228
87 228
88 228
88 226
89 224
91 223
92 222
93 222
92 223
91 225
89 225
88 225
86 224
86 224
85 223
85 223
85 223
85 223
84 223
84 222
84 222
88 231
87 231
87 231
87 231
86 232
84 232
82 232
81 231
82 229
84 228
86 227
87 228
87 228
88 228
88 226
89 224
91 223
92 222
93 222
92 223
91 225
89 225
88 225
86 224
86 224
85 223
85 223
85 223
85 223
84 223
84 222
89 231
88 231
87 231
87 231
87 231
86 232
84 232
82 232
81 231
82 229
84 228
86 227
87 228
87 228
88 228
88 226
89 224
91 223
92 222
93 222
92 223
91 225
89 225
88 225
86 224
86 224
85 223
85 223
85 223
85 223
84 223
89 232
89 231
88 231
87 231
87 231
87 231
86 232
84 232
82 232
81 231
82 229
84 228
86 227
87 228
87 228
88 228
88 226
89 224
91 223
92 222
93 222
92 223
91 225
89 225
88 225
86 224
86 224
85 223
85 223
85 223
85 223
88 233
89 232
89 231
88 231
87 231
87 231
87 231
86 232
84 232
82 232
81 231
82 229
84 228
86 227
87 228
87 228
88 228
88 226
89 224
91 223
92 222
93 222
92 223
91 225
89 225
88 225
86 224
86 224
85 223
85 223
85 223
